y = [12.2 11.8 11.6 11.6 11.8 12.2 13 14.4 16.2 15.8]';
u = [2.5 2.5 2.5 2.5 2.5 2.23 2.2 2.2 2.21 2.20]';

Y = y(4:end);
U = [y(3:end-1) y(2:end-2) u(1:end-3) u(3:end-1) u(2:end-2)];

